Membrane Potential: 
10
9.95012
9.9005
9.85112
9.80199
9.7531
9.70446
9.65605
9.60789
9.55997
9.51229
9.46485
9.7169
9.96768
10.2172
10.4655
10.7126
10.9584
11.203
11.4464
11.6885
11.6302
11.5722
11.5145
11.4571
11.3999
11.3431
11.2865
11.2302
11.1742
11.1185
11.063
11.0078
10.9529
10.8983
10.844
10.7899
10.7361
10.6825
10.6292
10.5762
10.5235
10.471
10.4188
10.3668
10.3151
10.2636
10.2125
10.1615
10.1108
10.0604
10.0102
9.9603
9.91063
9.8612
9.81201
9.76308
9.71438
9.66593
9.61772
9.56976
9.52203
9.47453
9.42728
9.38026
9.33348
9.28693
9.24061
9.19452
9.14866
9.10303
9.05763
9.01246
8.96751
8.92278
8.87828
8.834
8.78994
8.7461
8.70248
8.65907
8.61589
8.57291
8.53016
8.48761
8.44528
8.40316
8.36125
8.31955
8.27805
8.23676
8.19568
8.15481
8.11414
8.07367
8.0334
7.99333
7.95346
7.9138
7.87433
7.83505
7.79598
7.75709
7.7184
7.67991
7.6416
7.60349
7.56557
7.52784
7.49029
7.45293
7.41576
7.37877
7.34197
7.30535
7.26892
7.23267
7.19659
7.1607
7.12498
7.08945
7.05409
7.01891
6.9839
6.94907
6.91441
6.87992
6.84561
6.81147
6.7775
6.74369
6.71006
6.67659
6.64329
6.61016
6.57719
6.54439
6.51175
6.47927
6.44695
6.4148
6.3828
6.35097
6.31929
6.28778
6.25642
6.22521
6.19416
6.16327
6.13253
6.10195
6.07151
6.04123
6.0111
5.98112
5.95129
5.92161
5.89207
5.86268
5.83344
5.80435
5.7754
5.7466
5.71793
5.68942
5.66104
5.63281
5.60471
5.57676
5.54894
5.52127
5.49373
5.46633
5.43907
5.41194
5.38495
5.35809
5.33137
5.30478
5.27832
5.25199
5.2258
5.19973
5.1738
5.148
5.12232
5.09677
5.07135
5.04606
5.02089
4.99585
4.97093
4.94614
4.92147
4.89693
4.8725
4.8482
4.82402
4.79996
4.77602
4.7522
4.7285
4.70491
4.68145
4.6581
4.63487
4.61175
4.58875
4.56586
4.54309
4.52043
4.49789
4.47545
4.45313
4.43092
4.40882
4.38683
4.36495
4.34318
4.32152
4.29997
4.27852
4.25718
4.23595
4.21482
4.1938
4.17288
4.15207
4.13136
4.11076
4.09026
4.06986
4.04956
4.02936
4.00926
3.98927
3.96937
3.94957
3.92987
3.91027
3.89077
3.87137
3.85206
3.83285
3.81373
3.79471
3.77578
3.75695
3.73821
3.71957
3.70102
3.68256
3.66419
3.64592
3.62773
3.60964
3.59164
3.57372
3.5559
3.53816
3.52052
3.50296
3.48549
3.4681
3.45081
3.43359
3.41647
3.39943
3.38247
3.3656
3.34882
3.33212
3.3155
3.29896
3.28251
3.26614
3.24985
3.23364
3.21751
3.20146
3.18549
3.16961
3.1538
3.13807
3.12242
3.10684
3.09135
3.07593
3.06059
3.04532
3.03014
3.01502
2.99999
2.98502
2.97014
2.95532
2.94058
2.92592
2.91132
2.8968
2.88235
2.86798
2.85367
2.83944
2.82528
2.81119
2.79717
2.78322
2.76934
2.75552
2.74178
2.72811
2.7145
2.70096
2.68749
2.67409
2.66075
2.64748
2.63427
2.62114
2.60806
2.59505
2.58211
2.56923
2.55642
2.54367
2.53098
2.51836
2.5058
2.4933
2.48087
2.46849
2.45618
2.44393
2.43174
2.41961
2.40755
2.39554
2.38359
2.3717
2.35987
2.3481
2.33639
2.32474
2.31314
2.30161
2.29013
2.27871
2.26734
2.25603
2.24478
2.23358
2.22244
2.21136
2.20033
2.18936
2.17844
2.16757
2.15676
2.146
2.1353
2.12465
2.11405
2.10351
2.09302
2.08258
2.07219
2.06186
2.05157
2.04134
2.03116
2.02103
2.01095
2.00092
1.99094
1.98101
1.97113
1.9613
1.95152
1.94178
1.9321
1.92246
1.91288
1.90334
1.89384
1.8844
1.875
1.86565
1.85634
1.84708
1.83787
1.8287
1.81958
1.81051
1.80148
1.79249
1.78355
1.77466
1.76581
1.757
1.74824
1.73952
1.73084
1.72221
1.71362
1.70507
1.69657
1.68811
1.67969
1.67131
1.66297
1.65468
1.64643
1.63822
1.63004
1.62192
1.61383
1.60578
1.59777
1.5898
1.58187
1.57398
1.56613
1.55832
1.55055
1.54281
1.53512
1.52746
1.51984
1.51226
1.50472
1.49722
1.48975
1.48232
1.47493
1.46757
1.46025
1.45297
1.44572
1.43851
1.43134
1.4242
1.41709
1.41003
1.40299
1.396
1.38903
1.3821
1.37521
1.36835
1.36153
1.35474
1.34798
1.34126
1.33457
1.32791
1.32129
1.3147
1.30814
1.30162
1.29513
1.28867
1.28224
1.27584
1.26948
1.26315
1.25685
1.25058
1.24434
1.23814
1.23196
1.22582
1.2197
1.21362
1.20757
1.20154
1.19555
1.18959
1.18366
1.17775
1.17188
1.16603
1.16022
1.15443
1.14867
1.14294
1.13724
1.13157
1.12593
1.12031
1.11472
1.10917
1.10363
1.09813
1.09265
1.0872
1.08178
1.07638
1.07102
1.06567
1.06036
1.05507
1.04981
1.04457
1.03936
1.03418
1.02902
1.02389
1.01878
1.0137
1.00864
1.00361
0.998609
0.993628
0.988672
0.983741
0.978835
0.973953
0.969095
0.964262
0.959453
0.954667
0.949906
0.945168
0.940454
0.935764
0.931096
0.926453
0.921832
0.917234
0.91266
0.908108
0.903578
0.899072
0.894588
0.890126
0.885686
0.881269
0.876874
0.8725
0.868149
0.863819
0.85951
0.855224
0.850958
0.846714
0.842491
0.838289
0.834108
0.829948
0.825808
0.82169
0.817592
0.813514
0.809456
0.805419
0.801402
0.797405
0.793428
0.789471
0.785533
0.781615
0.777717
0.773838
0.769979
0.766138
0.762317
0.758515
0.754732
0.750968
0.747222
0.743496
0.739787
0.736098
0.732426
0.728773
0.725139
0.721522
0.717923
0.714343
0.71078
0.707235
0.703708
0.700198
0.696706
0.693231
0.689773
0.686333
0.68291
0.679504
0.676115
0.672743
0.669387
0.666049
0.662727
0.659421
0.656133
0.65286
0.649604
0.646364
0.64314
0.639933
0.636741
0.633565
0.630405
0.627261
0.624133
0.62102
0.617922
0.614841
0.611774
0.608723
0.605687
0.602666
0.59966
0.596669
0.593693
0.590732
0.587786
0.584854
0.581937
0.579035
0.576147
0.573273
0.570414
0.567569
0.564739
0.561922
0.559119
0.556331
0.553556
0.550795
0.548048
0.545315
0.542595
0.539889
0.537196
0.534517
0.531851
0.529198
0.526559
0.523933
0.521319
0.518719
0.516132
0.513558
0.510997
0.508448
0.505912
0.503389
0.500878
0.49838
0.495894
0.493421
0.49096
0.488511
0.486075
0.483651
0.481238
0.478838
0.47645
0.474074
0.471709
0.469357
0.467016
0.464686
0.462369
0.460063
0.457768
0.455485
0.453213
0.450953
0.448704
0.446466
0.444239
0.442023
0.439819
0.437625
0.435443
0.433271
0.43111
0.42896
0.42682
0.424691
0.422573
0.420466
0.418369
0.416282
0.414206
0.41214
0.410084
0.408039
0.406004
0.403979
0.401964
0.399959
0.397965
0.39598
0.394005
0.39204
0.390084
0.388139
0.386203
0.384277
0.38236
0.380453
0.378556
0.376668
0.374789
0.37292
0.37106
0.369209
0.367368
0.365535
0.363712
0.361898
0.360093
0.358297
0.35651
0.354732
0.352963
0.351202
0.349451
0.347708
0.345974
0.344248
0.342531
0.340823
0.339123
0.337432
0.335749
0.334074
0.332408
0.33075
0.3291
0.327459
0.325826
0.324201
0.322584
0.320975
0.319374
0.317781
0.316196
0.314619
0.31305
0.311489
0.309935
0.308389
0.306851
0.305321
0.303798
0.302283
0.300775
0.299275
0.297782
0.296297
0.294819
0.293349
0.291886
0.29043
0.288982
0.28754
0.286106
0.284679
0.283259
0.281847
0.280441
0.279042
0.27765
0.276266
0.274888
0.273517
0.272153
0.270795
0.269445
0.268101
0.266764
0.265433
0.264109
0.262792
0.261481
0.260177
0.25888
0.257588
0.256304
0.255025
0.253753
0.252488
0.251229
0.249975
0.248729
0.247488
0.246254
0.245026
0.243804
0.242588
0.241378
0.240174
0.238976
0.237784
0.236598
0.235418
0.234244
0.233076
0.231913
0.230756
0.229606
0.22846
0.227321
0.226187
0.225059
0.223937
0.22282
0.221708
0.220603
0.219502
0.218408
0.217318
0.216234
0.215156
0.214083
0.213015
0.211953
0.210896
0.209844
0.208797
0.207756
0.20672
0.205689
0.204663
0.203642
0.202626
0.201616
0.20061
0.199609
0.198614
0.197623
0.196638
0.195657
0.194681
0.19371
0.192744
0.191783
0.190826
0.189874
0.188927
0.187985
0.187048
0.186115
0.185186
0.184263
0.183344
0.182429
0.181519
0.180614
0.179713
0.178817
0.177925
0.177038
0.176155
0.175276
0.174402
0.173532
0.172667
0.171805
0.170949
0.170096
0.169248
0.168404
0.167564
0.166728
0.165896
0.165069
0.164246
0.163426
0.162611
0.1618
0.160993
0.16019
0.159391
0.158596
0.157805
0.157018
0.156235
0.155456
0.154681
0.153909
0.153142
0.152378
0.151618
0.150862
0.150109
0.149361
0.148616
0.147874
0.147137
0.146403
0.145673
0.144946
0.144223
0.143504
0.142788
0.142076
0.141368
0.140662
0.139961
0.139263
0.138568
0.137877
0.137189
0.136505
0.135824
0.135147
0.134473
0.133802
0.133135
0.132471
0.13181
0.131153
0.130499
0.129848
0.1292
0.128556
0.127915
0.127277
0.126642
0.12601
0.125382
0.124756
0.124134
0.123515
0.122899
0.122286
0.121676
0.121069
0.120465
0.119865
0.119267
0.118672
0.11808
0.117491
0.116905
0.116322
0.115742
0.115165
0.11459
0.114019
0.11345
0.112884
0.112321
0.111761
0.111204
0.110649
0.110097
0.109548
0.109002
0.108458
0.107917
0.107379
0.106843
0.10631
0.10578
0.105253
0.104728
0.104205
0.103686
0.103168
0.102654
0.102142
0.101632
0.101126
0.100621
0.100119
0.09962
0.0991231
0.0986288
0.0981368
0.0976474
0.0971604
0.0966758
0.0961936
0.0957138
0.0952365
0.0947615
0.0942888
0.0938186
0.0933507
0.0928851
0.0924218
0.0919608
0.0915022
0.0910458
0.0905917
0.0901399
0.0896903
0.089243
0.0887979
0.088355
0.0879143
0.0874759
0.0870396
Spike times: 
